helm_services:
  auditservice: 13.0.20846
  authservice: 13.0.20873
  contactsservice: 13.0.20809
  devicerequestservice: 13.0.201151
  deviceservice: 13.0.201450
  devicestreamerservice: 13.0.201705
  documentservice: 13.0.20888
  eventservice: 13.0.201066
  georuleservice: 13.0.20941
  locationservice: 13.0.20905
  mapservice: 13.0.20992
  messagesservice: 13.0.20695
  notificationservice: 13.0.20784
  programservice: 13.0.201414
  proximityservice: 13.0.201202
  proximitysubjectservice: 13.0.20718
  proximitysybaseservice: 13.0.20762
  reportsbffservice: 13.0.20793
  reportsdataservice: 13.0.20824
  reportsetlservice: 13.0.20736
  reportsrenderservice: 13.0.20890
  reportsservice: 13.0.20806
  subjectappservice: 13.0.20819
  subjectservice: 13.0.20716
  subjectservicenew: 13.0.201058
  taskservice: 13.0.20809
  technicianservice: 13.0.20876
  userservice: 13.0.20785
  taskmanagerservice: 13.0.20340
  biometricsidentityservice: 13.0.20267